0 388 0
1024 388 0
1040 348 2
1040 308 4
840 348 4
1360 308 1
1520 268 1
1680 228 1
1480 348 4
1520 348 4
1560 348 4
1280 348 4
1680 268 2
1680 308 2
1680 348 2
1720 348 4
1560 268 1
1400 308 1
2000 268 8
2040 268 8
2080 268 8
2240 268 1
2240 228 11
2200 268 3
2240 308 2
2240 348 2
2240 388 2
2240 428 2
2240 468 2
2240 508 2
2560 -12 2
2560 28 2
2560 68 2
2560 108 2
2560 148 2
2600 148 5
2560 188 6
2520 148 7
2520 108 7
2600 108 5
2880 508 2
2880 468 2
2880 428 2
2880 388 2
2880 348 2
2840 348 7
2840 388 7
2920 348 5
2920 388 5
3080 228 2
3080 268 2
3080 308 2
3080 388 2
3080 468 2
3080 428 2
3080 348 2
3080 508 2
2880 308 4
3080 188 4
3120 228 5
3120 268 5
3040 228 7
3040 268 7
3400 348 1
3480 348 1
3440 348 1
3480 28 1
3480 -12 1
3480 68 1
3480 108 1
3480 148 1
3480 188 1
3480 228 1
3480 388 1
3480 428 1
3480 468 1
3360 348 3
3480 508 1
3280 -12 2
3280 28 2
3280 68 6
3800 268 1
3840 268 1
3760 268 1
3880 268 1
3760 228 4
3800 228 4
3880 228 4
3840 228 4
3760 308 6
3800 308 6
3840 308 6
3880 308 6
4160 148 2
4200 148 2
4240 148 2
4160 388 2
4200 388 2
4240 388 2
4160 428 6
4200 428 6
4240 428 6
4160 108 4
4200 108 4
4240 108 4
3320 348 3
3280 348 3
4600 308 2
4600 348 2
4600 388 2
4600 428 2
4600 468 2
4600 508 2
4640 388 1
4640 428 1
4680 428 1
4680 468 1
4720 468 1
4720 508 1
4760 508 1
4800 508 1
4840 508 1
4880 508 1
4920 468 1
4960 428 1
5000 388 1
4600 -12 1
4600 28 1
4640 68 1
4680 108 1
4720 148 1
4760 188 1
5160 28 1
5200 68 1
5240 108 1
5320 108 1
5360 68 1
5120 348 1
5160 388 1
5200 428 1
5240 388 1
5320 388 1
5360 428 1
4840 188 1
4880 148 1
4920 108 1
4960 68 1
5000 28 1
5040 -12 1
5080 -12 1
5120 -12 1
5080 348 1
5280 388 1
5280 108 1
4800 188 1
5400 468 1
5440 508 1
5400 108 1
5440 68 1
5480 28 1
5520 -12 1
5560 28 1
5600 68 1
5640 148 1
5680 188 1
5680 228 1
5600 108 1
5680 268 1
5720 268 1
5760 228 1
5800 188 1
5840 148 1
4880 188 5
5160 348 4
5040 28 6
5080 28 6
5120 28 6
5480 508 1
5520 508 1
5560 508 1
5600 508 1
5640 508 1
5680 508 1
5720 508 1
5760 508 1
5800 508 1
5840 468 1
5920 388 1
6000 308 1
5880 108 1
5920 68 1
5960 28 1
6000 -12 1
5960 348 1
6040 268 1
6080 228 1
6120 188 1
6240 308 1
6280 348 1
6280 388 1
6320 428 1
6320 468 1
6360 508 1
6320 -12 1
6360 28 1
6360 68 1
6400 108 1
6400 148 1
6440 188 1
6440 228 1
6480 268 1
6400 508 1
6440 508 1
6480 508 1
6520 508 1
6560 508 1
6600 508 1
6640 468 1
6680 428 1
6520 268 1
6560 228 1
6600 188 1
6640 148 1
6680 108 1
6720 68 1
6760 28 1
6800 -12 1
6720 388 1
6760 348 1
6800 308 1
6800 268 10
6880 388 0
7904 388 0
7600 188 1
7600 228 1
7520 348 4
7560 348 4
7600 348 4
7720 348 3
8928 388 0
7840 348 4
7880 348 4
7920 348 4
7960 348 4
8000 348 4
8040 348 4
8080 348 4
8120 348 4
8520 268 3
8720 188 3
8880 308 8
8920 308 8
8560 348 4
8600 348 4
8640 348 4
8680 348 4
8720 348 4
8760 348 4
4600 268 12
5640 268 7
5040 388 1
4560 308 3
5360 108 6
6160 228 1
5880 428 1
6200 268 1
6240 268 1
7440 188 8
7400 188 8
7280 308 3
7240 308 3
7200 308 2
7200 348 2
7360 188 8
7560 228 7
7760 348 3
7920 268 3
7960 268 3
8120 188 3
8160 188 3
8320 108 3
8360 108 3
8880 108 3
8920 108 3
9360 348 4
7800 348 3
3480 268 6
3440 268 6
3440 228 1
8000 268 3
8200 188 3
8400 108 3
8560 268 3
8760 188 3
9040 268 3
8880 68 4
9080 268 3
9400 348 4
9360 268 8
9320 268 8
8600 268 3
8800 188 3
8960 308 8
9120 268 3
9440 348 4
9400 268 8
9520 188 8
9560 188 8
9600 188 8
9720 108 8
9760 108 8
9800 108 8
9952 388 0
9920 348 9
